0 200 249 309 27 172 77 114 292 135 160 34 246 93 307 111 219 267 268 287 67 93 295 188 143 139 312 41 210 47 232 171 
200 0 69 129 197 42 145 96 112 89 70 194 66 119 127 113 39 87 88 107 163 131 115 36 71 77 132 189 30 165 52 51 
249 69 0 80 246 91 194 145 63 138 119 243 29 168 78 162 50 38 39 58 212 180 66 85 120 126 83 238 61 214 35 100 
309 129 80 0 306 151 254 205 31 198 179 303 89 228 26 222 110 72 55 52 272 240 44 145 180 186 31 298 121 274 95 160 
27 197 246 306 0 169 74 111 289 132 157 31 243 90 304 108 216 264 265 284 64 90 292 185 140 136 309 38 207 44 229 168 
172 42 91 151 169 0 117 68 134 61 42 166 88 91 149 85 61 109 110 129 135 103 137 30 43 49 154 161 52 137 74 23 
77 145 194 254 74 117 0 59 237 80 105 71 191 38 252 56 164 212 213 232 40 38 240 133 88 84 257 66 155 42 177 116 
114 96 145 205 111 68 59 0 188 31 56 108 142 33 203 27 115 163 164 183 77 45 191 84 39 35 208 103 106 79 128 67 
292 112 63 31 289 134 237 188 0 181 162 286 72 211 29 205 93 55 38 35 255 223 27 128 163 169 34 281 104 257 78 143 
135 89 138 198 132 61 80 31 181 0 49 129 135 54 196 48 108 156 157 176 98 66 184 77 32 28 201 124 99 100 121 60 
160 70 119 179 157 42 105 56 162 49 0 154 116 79 177 73 89 137 138 157 123 91 165 58 31 37 182 149 80 125 102 41 
34 194 243 303 31 166 71 108 286 129 154 0 240 87 301 105 213 261 262 281 61 87 289 182 137 133 306 35 204 41 226 165 
246 66 29 89 243 88 191 142 72 135 116 240 0 165 87 159 47 47 48 67 209 177 75 82 117 123 92 235 58 211 32 97 
93 119 168 228 90 91 38 33 211 54 79 87 165 0 226 30 138 186 187 206 56 24 214 107 62 58 231 82 129 58 151 90 
307 127 78 26 304 149 252 203 29 196 177 301 87 226 0 220 108 70 53 50 270 238 42 143 178 184 17 296 119 272 93 158 
111 113 162 222 108 85 56 27 205 48 73 105 159 30 220 0 132 180 181 200 74 42 208 101 56 52 225 100 123 76 145 84 
219 39 50 110 216 61 164 115 93 108 89 213 47 138 108 132 0 68 69 88 182 150 96 55 90 96 113 208 31 184 33 70 
267 87 38 72 264 109 212 163 55 156 137 261 47 186 70 180 68 0 31 50 230 198 58 103 138 144 75 256 79 232 53 118 
268 88 39 55 265 110 213 164 38 157 138 262 48 187 53 181 69 31 0 33 231 199 41 104 139 145 58 257 80 233 54 119 
287 107 58 52 284 129 232 183 35 176 157 281 67 206 50 200 88 50 33 0 250 218 38 123 158 164 55 276 99 252 73 138 
67 163 212 272 64 135 40 77 255 98 123 61 209 56 270 74 182 230 231 250 0 56 258 151 106 102 275 56 173 32 195 134 
93 131 180 240 90 103 38 45 223 66 91 87 177 24 238 42 150 198 199 218 56 0 226 119 74 70 243 82 141 58 163 102 
295 115 66 44 292 137 240 191 27 184 165 289 75 214 42 208 96 58 41 38 258 226 0 131 166 172 47 284 107 260 81 146 
188 36 85 145 185 30 133 84 128 77 58 182 82 107 143 101 55 103 104 123 151 119 131 0 59 65 148 177 46 153 68 39 
143 71 120 180 140 43 88 39 163 32 31 137 117 62 178 56 90 138 139 158 106 74 166 59 0 20 183 132 81 108 103 42 
139 77 126 186 136 49 84 35 169 28 37 133 123 58 184 52 96 144 145 164 102 70 172 65 20 0 189 128 87 104 109 48 
312 132 83 31 309 154 257 208 34 201 182 306 92 231 17 225 113 75 58 55 275 243 47 148 183 189 0 301 124 277 98 163 
41 189 238 298 38 161 66 103 281 124 149 35 235 82 296 100 208 256 257 276 56 82 284 177 132 128 301 0 199 36 221 160 
210 30 61 121 207 52 155 106 104 99 80 204 58 129 119 123 31 79 80 99 173 141 107 46 81 87 124 199 0 175 44 61 
47 165 214 274 44 137 42 79 257 100 125 41 211 58 272 76 184 232 233 252 32 58 260 153 108 104 277 36 175 0 197 136 
232 52 35 95 229 74 177 128 78 121 102 226 32 151 93 145 33 53 54 73 195 163 81 68 103 109 98 221 44 197 0 83 
171 51 100 160 168 23 116 67 143 60 41 165 97 90 158 84 70 118 119 138 134 102 146 39 42 48 163 160 61 136 83 0 
